#YY  MM DD hh mm WDIR WSPD GST  WVHT   DPD   APD MWD   PRES  ATMP  WTMP  DEWP  VIS PTDY  TIDE
#yr  mo dy hr mn degT m/s  m/s     m   sec   sec degT   hPa  degC  degC  degC  nmi  hPa    ft
2015 05 12 19 50 290  7.0  9.0   1.8     8   5.7 324 1012.2  11.8  13.2    MM   MM +0.3    MM
2015 05 12 18 50 310  8.0  9.0   1.8     8   6.0 330 1011.9  11.7  13.3    MM   MM +0.0    MM
2015 05 12 17 50 310  8.0  9.0   1.9     8   5.9 324 1011.9  11.9  13.4    MM   MM -0.3    MM
2015 05 12 16 50 310  7.0  9.0   1.9     8   6.1 337 1011.9  11.3  13.3    MM   MM -0.4    MM
2015 05 12 15 50 310  7.0  8.0   2.0     8   6.0 309 1012.1  11.3  13.2    MM   MM -0.3    MM
2015 05 12 14 50 300  7.0  8.0   1.9     8   5.6 313 1012.2  11.8  13.3    MM   MM -0.4    MM
2015 05 12 13 50 310  8.0  9.0   2.0     8   5.7 322 1012.3  11.7  13.3    MM   MM -0.5    MM
2015 05 12 12 50 320  8.0 10.0   2.1     8   5.8 322 1012.4  12.1  13.2    MM   MM -0.6    MM
2015 05 12 11 50 330  8.0 10.0   2.2     7   5.8 321 1012.6  12.0  13.1    MM   MM -0.6    MM
2015 05 12 10 50 330  7.0  9.0   2.2     8   5.9 330 1012.8  12.2  13.1    MM   MM -0.7    MM
2015 05 12 09 50 330  8.0 10.0   2.2     8   6.0 326 1013.0  12.3  13.1    MM   MM -1.0    MM
2015 05 12 08 50 320  8.0 10.0   2.2     7   5.9 321 1013.2  12.4  13.1    MM   MM -1.4    MM
2015 05 12 07 50 330  8.0 10.0   2.1     8   6.0 336 1013.5  12.4  13.3    MM   MM -1.2    MM
2015 05 12 06 50 340  7.0  9.0   1.9     8   5.8 331 1014.0  12.1  13.5    MM   MM -0.8    MM
2015 05 12 05 50 350  4.0  6.0   1.9     8   5.9 322 1014.6  11.2  13.5    MM   MM +0.0    MM
2015 05 12 04 50 340  8.0 10.0   1.9     9   6.0 318 1014.7  12.2  13.6    MM   MM -0.3    MM
2015 05 12 03 50 350  7.0  8.0   1.7     7   5.7 323 1014.8  12.2  13.6    MM   MM -1.0    MM
2015 05 12 02 50 320  5.0  7.0   1.9     8   6.0 306 1014.8  12.1  13.6    MM   MM -1.2    MM
2015 05 12 01 50 330  7.0  9.0   1.6     7   5.5 319 1015.0  12.2  13.7    MM   MM -1.4    MM
2015 05 12 00 50 340  7.0  8.0   1.7     9   5.7 304 1015.8  11.6  13.6    MM   MM -1.1    MM
2015 05 11 23 50 330  7.0  8.0   1.6    10   5.9 298 1016.0  12.7  13.6    MM   MM -1.1    MM
2015 05 11 22 50 340  7.0  8.0   1.7    10   5.6 311 1016.4  12.5  13.5    MM   MM -0.9    MM
2015 05 11 21 50 350  7.0  8.0   1.6     7   5.6 326 1016.9  12.3  13.4    MM   MM -0.7    MM
2015 05 11 20 50 340  7.0  8.0   1.6    10   5.9 295 1017.1  12.3  13.5    MM   MM -0.7    MM
2015 05 11 19 50 340  7.0  8.0   1.6    10   5.6 307 1017.3  12.0  13.4    MM   MM -0.8    MM
2015 05 11 18 50 340  8.0 10.0   1.5    10   5.5 298 1017.6  11.7  13.2    MM   MM -0.6    MM
2015 05 11 17 50 320  8.0 10.0   1.5     6   5.4 335 1017.8  12.0  13.1    MM   MM -0.5    MM
2015 05 11 16 50 340  7.0  8.0   1.6    10   5.1 298 1018.1  12.1  13.1    MM   MM +0.0    MM
2015 05 11 15 50 360  7.0  9.0   1.7    10   5.4 283 1018.2  12.3  13.0    MM   MM +0.0    MM
2015 05 11 14 50  10  7.0  9.0   1.7    10   5.3 291 1018.3  12.3  13.0    MM   MM +0.0    MM
2015 05 11 13 50  10  8.0  9.0   1.7    10   5.6 297 1018.1  12.3  13.0    MM   MM -0.7    MM
2015 05 11 12 50 360  8.0 10.0   1.7     9   5.7 289 1018.3  12.3  12.9    MM   MM -0.6    MM
2015 05 11 11 50 360  8.0  9.0   1.7    10   5.6 291 1018.5  12.3  12.9    MM   MM -0.8    MM
2015 05 11 10 50 360  8.0  9.0   1.7    10   5.7 307 1018.8  12.4  13.1    MM   MM -0.9    MM
2015 05 11 09 50 350  8.0  9.0   1.6     9   5.6 291 1018.9  12.5  13.2    MM   MM -0.7    MM
2015 05 11 08 50 350  8.0  9.0   1.7     9   5.6 294 1019.3  12.5  13.4    MM   MM -0.6    MM
2015 05 11 07 50 360  7.0  9.0   1.6    10   5.6 291 1019.7  12.5  13.5    MM   MM +0.0    MM
2015 05 11 06 50  10  8.0  9.0   1.7     6   5.6 313 1019.6  12.5  13.5    MM   MM +0.0    MM
2015 05 11 05 50 350  8.0  9.0   1.7    10   5.7 297 1019.9  12.6  13.4    MM   MM +0.4    MM
2015 05 11 04 50 360  8.0  9.0   1.6     7   5.6 305 1019.9  12.7  13.4    MM   MM +0.0    MM
2015 05 11 03 50 360  8.0  9.0   1.7     9   5.6 293 1019.7  12.6  13.4    MM   MM   MM    MM
2015 05 11 02 50  10  8.0 10.0   1.6    10   5.7 295 1019.5  12.4  13.4    MM   MM +0.0    MM
2015 05 11 01 50 360  7.0  8.0   1.6     9   5.8 291 1019.7  12.7  13.4    MM   MM +0.0    MM
2015 05 10 23 50 350  7.0  8.0   1.4    10   5.9 294 1019.7  12.9  13.4    MM   MM -0.3    MM
2015 05 10 22 50 350  6.0  7.0   1.4    11   6.4 292 1019.9  12.8  13.4    MM   MM +0.0    MM
2015 05 10 21 50 350  6.0  7.0   1.4    11   6.8 299 1019.9  12.7  13.4    MM   MM +0.0    MM
2015 05 10 20 50 340  5.0  6.0   1.3    11   6.7 289 1020.0  12.4  13.4    MM   MM +0.0    MM
2015 05 10 19 50 320  5.0  6.0   1.3    11   7.1 298 1019.9  12.8  13.3    MM   MM +0.0    MM
2015 05 10 18 50 330  2.0  4.0   1.2    10   6.9 286 1020.0  12.6  13.2    MM   MM +0.0    MM
2015 05 10 17 50 320  2.0  2.0   1.1    10   6.7 273 1020.1  12.9  13.2    MM   MM +0.4    MM
2015 05 10 16 50  40  3.0  4.0   1.1    10   6.6 268 1019.9  12.7  13.2    MM   MM +0.4    MM
2015 05 10 15 50 360  3.0  4.0   1.2    10   6.9 293 1019.9  12.2  13.1    MM   MM +0.7    MM
2015 05 10 14 50 340  3.0  4.0   1.1    11   5.9 285 1019.7  12.1  13.0    MM   MM +0.6    MM
2015 05 10 13 50 350  4.0  5.0   1.3     9   6.3 292 1019.5  12.4  13.0    MM   MM +0.3    MM
2015 05 10 12 50 360  3.0  4.0   1.3    11   6.0 281 1019.2  12.4  12.9    MM   MM +0.0    MM
2015 05 10 11 50 340  4.0  5.0   1.2    10   5.9 302 1019.1  12.2  12.9    MM   MM +0.0    MM
2015 05 10 10 50 350  5.0  6.0   1.4    11   5.9 295 1019.2  12.3  12.9    MM   MM +0.0    MM
2015 05 10 09 50 350  5.0  7.0   1.4    10   5.7 292 1019.1  12.4  12.9    MM   MM +0.0    MM
2015 05 10 08 50 350  6.0  7.0   1.2    11   5.2 291 1019.1  12.6  13.0    MM   MM +0.0    MM
2015 05 10 07 50 350  6.0  7.0   1.2    11   5.3 295 1019.0  12.7  13.1    MM   MM +0.0    MM
2015 05 10 06 50 330  6.0  8.0   1.1    12   4.9 292 1019.2  12.9  13.1    MM   MM +0.5    MM
2015 05 10 05 50  10  7.0  7.0   1.2    12   5.1 287 1018.9  12.9  13.1    MM   MM +0.7    MM
2015 05 10 04 50 360  7.0  8.0   1.2    17   4.9 225 1019.0  13.0  13.1    MM   MM +1.0    MM
2015 05 10 03 50 360  7.0  9.0   1.2    17   4.6 251 1018.7  12.9  12.9    MM   MM +0.5    MM
2015 05 10 02 50 360  8.0  9.0   1.2     5   4.6 336 1018.2  12.9  12.9    MM   MM -0.4    MM
2015 05 10 01 50 350  7.0  9.0   1.2    17   4.9 214 1018.0  13.6  12.9    MM   MM -1.1    MM
2015 05 10 00 50 350  7.0  8.0   1.2    13   5.4 304 1018.2  13.4  12.9    MM   MM -1.2    MM
2015 05 09 23 50 350  7.0  8.0   1.2    17   5.4 260 1018.6  13.3  12.9    MM   MM -0.9    MM
2015 05 09 22 50 360  6.0  7.0   1.2    17   5.3 253 1019.1  13.2  12.7    MM   MM -0.7    MM
2015 05 09 21 50 350  6.0  7.0   1.1    11   5.4 300 1019.4  13.1  12.9    MM   MM -0.5    MM
2015 05 09 20 50 360  6.0  7.0   1.2    17   5.6 238 1019.5  12.9  12.8    MM   MM -0.3    MM
2015 05 09 19 50  10  5.0  6.0   1.1    11   5.1 310 1019.8  12.9  12.6    MM   MM +0.3    MM
2015 05 09 18 50  20  5.0  6.0   1.1    13   5.4 313 1019.9  12.9  12.7    MM   MM +0.8    MM
2015 05 09 17 50  10  6.0  7.0   1.1    11   5.3 306 1019.8  12.8  12.5    MM   MM +0.9    MM
2015 05 09 16 50  20  6.0  8.0   1.2    17   5.2 243 1019.5  12.8  12.5    MM   MM +1.2    MM
2015 05 09 15 50  20  7.0  8.0   1.2    17   5.2 217 1019.1  12.7  12.4    MM   MM +1.2    MM
2015 05 09 14 50  10  6.0  8.0   1.1    12   5.1 313 1018.9  12.8  12.3    MM   MM +1.3    MM
2015 05 09 13 50 360  6.0  7.0   1.0    12   4.8 287 1018.3  12.7  12.2    MM   MM +1.1    MM
2015 05 09 12 50 360  6.0  6.0   1.0     6   4.9 340 1017.9  12.7  12.2    MM   MM +0.9    MM
2015 05 09 11 50 360  6.0  7.0   1.2    12   5.3 309 1017.6  12.8  12.4    MM   MM +0.7    MM
2015 05 09 10 50 360  5.0  6.0   1.2    13   5.3 309 1017.2  12.8  12.3    MM   MM +0.4    MM
2015 05 09 09 50 350  5.0  6.0   1.3    13   5.0 287 1017.0  12.9  12.3    MM   MM +0.7    MM
2015 05 09 08 50 350  6.0  7.0   1.3     7   5.0 338 1016.9  12.9  12.4    MM   MM +0.8    MM
2015 05 09 07 50 350  6.0  7.0   1.4    17   4.9 252 1016.8  13.0  12.4    MM   MM +1.0    MM
2015 05 09 06 50 360  7.0  8.0   1.4     6   5.2 350 1016.3  13.1  12.5    MM   MM +1.2    MM
2015 05 09 05 50 360  8.0  9.0   1.3     6   4.9 340 1016.1  13.2  12.5    MM   MM +1.3    MM
2015 05 09 04 50 360  7.0  9.0   1.3     6   4.8 337 1015.8  13.2  12.3    MM   MM +1.4    MM
2015 05 09 03 50 360  8.0  9.0   1.3     6   4.7 341 1015.1  13.3  12.4    MM   MM +0.8    MM
2015 05 09 02 50 360  8.0  9.0   1.2     6   4.7 346 1014.8  13.6  12.5    MM   MM +0.5    MM
2015 05 09 01 50 360  8.0  9.0   1.2     7   4.7 342 1014.4  13.9  12.5    MM   MM +0.0    MM
2015 05 09 00 50 350  8.0  9.0   1.1     7   4.7 351 1014.3  13.6  12.6    MM   MM -0.4    MM
2015 05 08 23 50 350  6.0  8.0   1.2     7   5.0 341 1014.3  13.3  12.7    MM   MM -0.8    MM
2015 05 08 22 50 350  6.0  7.0   1.1     6   4.7 340 1014.3  13.1  12.7    MM   MM -1.0    MM
2015 05 08 21 50 350  7.0  8.0   1.2     7   5.0 347 1014.7  12.9  12.6    MM   MM -0.9    MM
2015 05 08 20 50 360  6.0  8.0   1.2     6   4.8 337 1015.1  12.2  12.4    MM   MM -0.5    MM
2015 05 08 19 50 350  7.0  8.0   1.3     6   5.1 342 1015.3  12.1  12.4    MM   MM -0.3    MM
2015 05 08 18 50  10  6.0  7.0   1.3     6   5.0 340 1015.6  11.9  12.3    MM   MM +0.0    MM
2015 05 08 17 50  10  6.0  7.0   1.3     6   5.1 338 1015.6  11.8  12.3    MM   MM +0.3    MM
2015 05 08 16 50  30  6.0  8.0   1.3     7   4.7 333 1015.6  11.8  12.3    MM   MM +0.5    MM
2015 05 08 15 50  20  8.0  9.0   1.3     7   4.5 346 1015.5  11.7  12.1    MM   MM +0.5    MM
2015 05 08 14 50  30  8.0  9.0   1.5     7   4.7 344 1015.3  11.8  12.1    MM   MM +0.0    MM
2015 05 08 13 50  30  8.0 10.0   1.6     6   4.7 334 1015.1  12.0  12.0    MM   MM +0.0    MM
2015 05 08 12 50  20  8.0 10.0   1.6     6   4.7 336 1015.0  12.0  12.0    MM   MM -0.4    MM
2015 05 08 11 50  20  8.0 10.0   1.6     7   4.9 330 1015.1  12.0  12.0    MM   MM -0.8    MM
2015 05 08 10 50  20  8.0  9.0   1.6     7   4.9 328 1015.3  12.0  12.0    MM   MM -0.9    MM
2015 05 08 09 50  20  9.0 10.0   1.6     6   4.9 335 1015.4  11.9  12.0    MM   MM -1.3    MM
2015 05 08 08 50  10  8.0 10.0   1.8     6   5.1 351 1015.9  11.9  12.1    MM   MM -0.9    MM
2015 05 08 07 50  10 10.0 12.0   1.8     7   5.0 343 1016.2  11.9  12.2    MM   MM -0.6    MM
2015 05 08 06 50  10 10.0 11.0   1.9     6   5.1 359 1016.7  12.0  12.2    MM   MM +0.0    MM
2015 05 08 05 50  10 10.0 12.0   1.8     6   4.9 342 1016.8  12.1  12.3    MM   MM +0.0    MM
2015 05 08 04 50  10 11.0 13.0   1.9     7   5.1 330 1016.8  12.2  12.4    MM   MM -0.3    MM
2015 05 08 03 50  10 10.0 13.0   1.8     6   4.9 343 1016.9  12.2  12.3    MM   MM -0.3    MM
2015 05 08 02 50  10 10.0 12.0   1.9     7   5.0 320 1017.0  12.3  12.4    MM   MM -0.5    MM
2015 05 08 01 50  10 11.0 13.0   1.8     7   4.9 328 1017.1  12.5  12.6    MM   MM -0.9    MM
2015 05 08 00 50 360 10.0 12.0   1.7     7   4.8 323 1017.2  12.4  12.6    MM   MM -1.0    MM
2015 05 07 23 50  10 10.0 12.0   1.6     7   4.8 319 1017.5  12.3  12.6    MM   MM -1.0    MM
2015 05 07 22 50  10  9.0 11.0   1.6     6   4.7 336 1018.0  12.1  12.6    MM   MM -1.0    MM
2015 05 07 21 50  10 10.0 11.0   1.5     7   4.7 312 1018.2  12.1  12.5    MM   MM -1.3    MM
2015 05 07 20 50 360 10.0 11.0   1.5     6   4.6 331 1018.5  12.0  12.4    MM   MM -1.5    MM
2015 05 07 19 50 360  9.0 11.0   1.3     6   4.6 333 1019.0  11.9  12.3    MM   MM -1.2    MM
2015 05 07 18 50  10  9.0 11.0   1.4     7   4.7 310 1019.5  12.0  12.3    MM   MM -0.8    MM
2015 05 07 17 50  10  9.0 10.0   1.4     8   4.9 304 1020.0  11.9  12.2    MM   MM -0.3    MM
2015 05 07 16 50  20  8.0  9.0   1.4     6   4.9 317 1020.2  11.8  12.1    MM   MM +0.0    MM
2015 05 07 15 50  10  8.0  9.0   1.4     7   4.9 300 1020.3  11.8  12.1    MM   MM +0.4    MM
2015 05 07 14 50  20  8.0  9.0   1.4     8   4.8 288 1020.3  11.6  12.1    MM   MM +0.3    MM
2015 05 07 13 50  20  8.0 10.0   1.4     7   4.9 307 1020.2  11.6  12.1    MM   MM +0.5    MM
2015 05 07 12 50  20  8.0 10.0   1.6     7   5.1 313 1019.9  11.6  12.0    MM   MM +0.0    MM
2015 05 07 11 50  20  8.0 10.0   1.5     7   5.0 293 1020.0  11.7  12.1    MM   MM -0.3    MM
2015 05 07 10 50  10  9.0 10.0   1.8     8   5.3 306 1019.7  11.7  12.2    MM   MM -0.8    MM
2015 05 07 09 50  10  8.0  9.0   1.9     9   5.4 305 1019.9  11.8  12.3    MM   MM -0.5    MM
2015 05 07 08 50  20  7.0  9.0   1.8     6   5.2 313 1020.3  11.8  12.3    MM   MM -0.4    MM
2015 05 07 07 50  20  8.0 10.0   1.9     8   5.4 306 1020.5  11.9  12.4    MM   MM +0.0    MM
2015 05 07 06 50  20 10.0 11.0   2.0     8   5.4 297 1020.4  11.9  12.6    MM   MM +0.4    MM
2015 05 07 05 50  20 10.0 12.0   1.9     9   5.3 302 1020.7  12.1  12.8    MM   MM +0.8    MM
2015 05 07 04 50 360 10.0 12.0   1.9     7   5.3 302 1020.5  12.3  12.9    MM   MM +1.0    MM
2015 05 07 03 50  10 11.0 12.0   1.9     8   5.2 310 1020.0  12.3  13.0    MM   MM +0.7    MM
2015 05 07 02 50  10 10.0 12.0   1.9     8   5.3 308 1019.9  12.5  13.1    MM   MM +0.5    MM
2015 05 07 01 50 360 10.0 12.0   1.8     6   5.4 311 1019.5  12.7  13.3    MM   MM -0.0    MM
2015 05 07 00 50 360 10.0 12.0   1.9     9   5.4 313 1019.3  12.2  13.3    MM   MM -0.7    MM
2015 05 06 23 50 360 10.0 11.0   1.8     8   5.5 301 1019.4  12.1  13.4    MM   MM -0.9    MM
2015 05 06 22 50 360  9.0 10.0   1.6     9   5.8 291 1019.7  11.8  13.3    MM   MM -0.6    MM
2015 05 06 21 50 360  7.0  9.0   1.7    10   6.3 303 1020.0  11.7  13.2    MM   MM -0.3    MM
2015 05 06 20 50  10  7.0  8.0   1.7     9   6.0 289 1020.3  11.8  13.1    MM   MM +0.0    MM
2015 05 06 19 50  10  7.0  8.0   1.7    10   6.4 291 1020.3  11.8  12.9    MM   MM +0.0    MM
2015 05 06 18 50  20  6.0  7.0   1.8     9   6.4 284 1020.3  11.8  12.7    MM   MM +0.0    MM
2015 05 06 17 50  10  6.0  7.0   1.7     9   6.6 300 1020.3  11.9  12.6    MM   MM +0.4    MM
2015 05 06 16 50  10  5.0  6.0   1.7     9   6.4 289 1020.2  11.7  12.5    MM   MM +0.8    MM
2015 05 06 15 50  10  6.0  7.0   1.8    10   6.2 286 1020.1  11.9  12.5    MM   MM +1.1    MM
2015 05 06 14 50  20  6.0  7.0   1.9    11   6.2 293 1019.9  11.7  12.4    MM   MM +0.9    MM
2015 05 06 13 50 360  6.0  8.0   2.0    10   6.5 297 1019.4  11.8  12.4    MM   MM +0.5    MM
2015 05 06 12 50 340  5.0  6.0   2.0    11   6.6 289 1019.0  11.7  12.5    MM   MM -0.0    MM
2015 05 06 11 50 330  6.0  7.0   2.0    11   7.1 291 1019.0  11.6  12.6    MM   MM -0.6    MM
2015 05 06 10 50 330  6.0  7.0   2.2    10   7.5 291 1018.9  11.8  12.7    MM   MM -0.8    MM
2015 05 06 09 50 320  4.0  5.0   2.1    11   7.2 297 1019.2  11.3  12.7    MM   MM -0.7    MM
2015 05 06 08 50 320  3.0  4.0   2.1    11   7.2 288 1019.6  11.1  12.6    MM   MM -0.5    MM
2015 05 06 07 50 310  4.0  5.0   2.0    11   7.2 279 1019.7  11.5  12.8    MM   MM -0.6    MM
2015 05 06 06 50 320  5.0  5.0   2.0    11   7.4 280 1019.9  12.0  12.7    MM   MM +0.0    MM
2015 05 06 05 50 330  5.0  6.0   2.1    11   7.4 293 1020.1  12.0  12.7    MM   MM +0.4    MM
2015 05 06 04 50 320  5.0  6.0   2.2     9   7.6 284 1020.3  12.1  12.9    MM   MM +0.6    MM
2015 05 06 03 50 330  4.0  6.0   2.0    10   7.4 294 1019.9  12.2  12.8    MM   MM +0.0    MM
2015 05 06 02 50 320  4.0  6.0   2.0    11   7.4 291 1019.7  12.5  13.0    MM   MM -0.3    MM
2015 05 06 01 50 320  4.0  5.0   2.3    11   7.6 304 1019.7  12.9  13.1    MM   MM -0.6    MM
2015 05 06 00 50 320  4.0  5.0   2.4    11   7.8 289 1019.9  12.8  13.2    MM   MM -0.5    MM
2015 05 05 23 50 320  4.0  5.0   2.4    11   7.6 298 1020.0  12.6  13.1    MM   MM -0.5    MM
2015 05 05 22 50 300  4.0  5.0   2.5    11   7.8 292 1020.3  12.5  13.1    MM   MM -0.3    MM
2015 05 05 21 50 280  4.0  5.0   2.5    12   7.4 290 1020.4  12.2  12.9    MM   MM +0.0    MM
2015 05 05 20 50 280  5.0  7.0   2.9    12   7.9 287 1020.5  12.0  12.8    MM   MM +0.0    MM
2015 05 05 19 50 280  5.0  7.0   2.9    13   8.0 276 1020.6  12.0  12.7    MM   MM +0.4    MM
2015 05 05 18 50 260  5.0  6.0   2.7    12   7.8 278 1020.5  12.1  12.6    MM   MM +0.7    MM
2015 05 05 17 50 250  4.0  6.0   2.9    12   8.1 279 1020.3  12.2  12.5    MM   MM +1.0    MM
2015 05 05 16 50 280  4.0  6.0   2.7    13   8.4 289 1020.2  12.1  12.5    MM   MM +1.5    MM
2015 05 05 15 50 280  5.0  6.0   2.8    14   8.0 288 1019.8  12.1  12.4    MM   MM +1.4    MM
2015 05 05 14 50 260  4.0  5.0   2.5    13   8.1 281 1019.3  11.9  12.4    MM   MM +1.1    MM
2015 05 05 13 50 290  5.0  6.0   2.4    11   7.8 282 1018.7  11.9  12.4    MM   MM +0.7    MM
2015 05 05 12 50 290  4.0  5.0   2.4    14   7.8 283 1018.4  11.6  12.5    MM   MM +0.7    MM
2015 05 05 11 50 260  6.0  7.0   2.9    12   8.4 291 1018.2  11.7  12.4    MM   MM +0.3    MM
2015 05 05 10 50 280  6.0  8.0   2.6    11   8.1 277 1018.0  11.8  12.2    MM   MM -0.0    MM
2015 05 05 09 50 230  8.0 10.0   2.6    15   8.0 267 1017.7  11.7  12.2    MM   MM +0.0    MM
2015 05 05 08 50 240  6.0  7.0   2.4    14   8.3 277 1017.9  12.0  12.1    MM   MM +0.0    MM
2015 05 05 07 50 220  4.0  5.0   2.1    13   8.7 269 1017.9  12.0  12.1    MM   MM +0.3    MM
2015 05 05 06 50 250  4.0  6.0   1.7    15   8.2 293 1017.8  12.2  12.1    MM   MM   MM    MM
2015 05 05 05 50 250  4.0  5.0   1.8    15   8.8 281 1017.7  12.2  12.1    MM   MM +0.4    MM
2015 05 05 04 50 230  5.0  6.0   1.8    14   8.3 281 1017.6  11.8  12.0    MM   MM +0.0    MM
2015 05 05 02 50 220  5.0  6.0   1.7    15   8.0 269 1017.3  11.5  12.2    MM   MM +0.0    MM
2015 05 05 01 50 220  6.0  7.0   1.7    15   8.2 287 1017.6  11.5  12.2    MM   MM +0.0    MM
2015 05 05 00 50 210  5.0  6.0   1.5    15   7.4 290 1017.6  10.9  12.1    MM   MM +0.0    MM
2015 05 04 23 50 260  7.0  8.0   1.5    15   7.5 281 1017.5  11.4  12.1    MM   MM +0.3    MM
2015 05 04 22 50 200  5.0  6.0   1.3    15   7.1 269 1017.7  11.8  12.1    MM   MM +0.3    MM
2015 05 04 21 50 190  5.0  6.0   1.3    16   7.6 268 1017.6  11.7  11.9    MM   MM +0.3    MM
2015 05 04 20 50 170  5.0  6.0   1.3    16   7.2 255 1017.2  11.7  11.9    MM   MM +0.6    MM
2015 05 04 19 50 190  4.0  5.0   1.3     9   6.8 299 1017.4  11.7  11.8    MM   MM +1.1    MM
2015 05 04 18 50 230  3.0  4.0   1.3    17   6.5 259 1017.3  11.6  11.7    MM   MM +1.3    MM
2015 05 04 17 50 250  5.0  6.0   1.3     9   6.2 290 1016.6  11.5  11.7    MM   MM +1.0    MM
2015 05 04 16 50 250  4.0  5.0   1.4     9   6.5 305 1016.3  11.5  11.7    MM   MM +1.2    MM
2015 05 04 15 50 260  3.0  4.0   1.4     9   6.3 318 1016.0  11.5  11.6    MM   MM +1.4    MM
2015 05 04 14 50 260  3.0  4.0   1.5    10   6.3 305 1015.6  11.5  11.5    MM   MM +1.3    MM
2015 05 04 13 50 300  4.0  6.0   1.4    10   6.0 302 1015.1  11.3  11.5    MM   MM +1.0    MM
2015 05 04 12 50 320  4.0  5.0   1.4     9   6.1 316 1014.6  11.3  11.5    MM   MM +0.7    MM
2015 05 04 11 50 310  4.0  5.0   1.6    10   6.1 319 1014.3  11.2  11.5    MM   MM +0.7    MM
2015 05 04 10 50 340  4.0  5.0   1.8     9   6.1 314 1014.1  11.2  11.6    MM   MM +0.5    MM
2015 05 04 09 50 340  4.0  6.0   1.7    10   5.8 302 1013.9  11.2  11.7    MM   MM +0.5    MM
2015 05 04 08 50 340  5.0  6.0   1.9     7   6.0 342 1013.6  11.3  11.8    MM   MM +0.0    MM
2015 05 04 07 50 360  5.0  6.0   1.9    10   6.2 314 1013.6  11.3  11.8    MM   MM +0.0    MM
2015 05 04 06 50 360  7.0  8.0   1.9    10   6.1 311 1013.4  11.4  11.7    MM   MM +0.0    MM
2015 05 04 05 50  10  7.0  8.0   2.0    10   5.9 303 1013.4  11.5  11.8    MM   MM +0.3    MM
2015 05 04 04 50  10  7.0  8.0   2.0    10   6.0 313 1013.5  11.6  11.8    MM   MM +0.3    MM
2015 05 04 03 50 360  8.0 10.0   2.2    11   5.9 303 1013.2  11.6  11.8    MM   MM -0.5    MM
2015 05 04 02 50 360  8.0 10.0   2.0    10   6.0 318 1013.1  11.8  11.9    MM   MM -0.7    MM
2015 05 04 01 50 360  8.0 10.0   2.1     9   6.0 318 1013.2  12.1  11.9    MM   MM -1.0    MM
2015 05 04 00 50 360  8.0  9.0   2.1    10   6.0 318 1013.7  12.1  11.9    MM   MM -0.9    MM
2015 05 03 23 50 360  9.0 10.0   2.1    11   6.1 319 1013.8  11.9  11.7    MM   MM -0.9    MM
2015 05 03 22 50  10  8.0 10.0   2.1    11   6.2 329 1014.2  11.9  11.6    MM   MM -0.7    MM
2015 05 03 21 50  10  8.0 10.0   2.2    11   6.1 315 1014.6  11.7  11.6    MM   MM -0.7    MM
2015 05 03 20 50 360  8.0  9.0   2.3    11   6.2 318 1014.7  11.5  11.4    MM   MM -0.5    MM
2015 05 03 19 50 360  8.0  9.0   2.3    11   6.0 316 1014.9  11.4  11.3    MM   MM +0.0    MM
2015 05 03 18 50  10  8.0  9.0   2.4    11   6.6 313 1015.3  11.3  11.3    MM   MM +0.0    MM
2015 05 03 17 50  20  7.0  9.0   2.5    11   6.7 321 1015.2  11.2  11.2    MM   MM +0.0    MM
2015 05 03 16 50  20  9.0 11.0   2.5    11   6.4 322 1015.1  11.2  11.1    MM   MM +0.0    MM
2015 05 03 15 50  20  9.0 10.0   2.4    11   6.2 315 1015.2  11.2  11.0    MM   MM +0.5    MM
2015 05 03 14 50  20  9.0 10.0   2.5    11   6.3 322 1015.2  11.0  10.9    MM   MM +0.4    MM
2015 05 03 13 50  10  8.0 10.0   2.5    11   6.2 320 1015.0  11.0  10.9    MM   MM -0.0    MM
2015 05 03 12 50  20  9.0 11.0   2.8    12   6.5 318 1014.7  10.9  10.8    MM   MM -0.5    MM
2015 05 03 11 50  10  9.0 11.0   2.8    10   6.5 328 1014.8  10.9  10.7    MM   MM -0.6    MM
2015 05 03 10 50 360  9.0 11.0   2.8    11   6.6 312 1014.9  10.8  10.7    MM   MM -0.5    MM
2015 05 03 09 50  10  9.0 11.0   2.9    10   6.3 327 1015.2  10.9  10.7    MM   MM +0.0    MM
2015 05 03 08 50  10  9.0 12.0   3.0    11   6.6 328 1015.4  10.9  10.6    MM   MM +0.0    MM
2015 05 03 07 50  10 10.0 12.0   3.1     9   6.7 329 1015.4  10.9  10.6    MM   MM +0.0    MM
2015 05 03 06 50  10 11.0 12.0   3.3    11   6.6 332 1015.3  11.0  10.7    MM   MM +0.0    MM
2015 05 03 05 50  10 11.0 13.0   3.2     9   6.5 324 1015.5  11.1  10.8    MM   MM +0.6    MM
2015 05 03 04 50  10 11.0 13.0   3.2    11   6.4 332 1015.5  11.2  11.2    MM   MM +0.3    MM
2015 05 03 03 50  10 11.0 13.0   2.9     8   6.3 344 1015.1  11.3  11.4    MM   MM -0.6    MM
2015 05 03 02 50  10 12.0 14.0   2.8     8   6.1 333 1014.9  11.7  11.6    MM   MM -0.9    MM
2015 05 03 01 50  10 11.0 13.0   2.9     8   6.1 340 1015.2  11.9  11.7    MM   MM -1.1    MM
2015 05 03 00 50  10 10.0 13.0   2.8     8   6.1 349 1015.7  11.8  11.7    MM   MM -0.9    MM
2015 05 02 23 50  10 11.0 13.0   2.8     8   6.2 345 1015.8  11.7  11.7    MM   MM -1.0    MM
2015 05 02 22 50  10 11.0 13.0   2.6    11   6.2 326 1016.3  11.7  11.7    MM   MM -0.9    MM
2015 05 02 21 50 360 11.0 14.0   2.6    11   6.3 315 1016.6  11.6  11.7    MM   MM   MM    MM
2015 05 02 20 50  10 10.0 12.0   2.6     8   6.1 328 1016.8  11.6  11.6    MM   MM -0.8    MM
2015 05 02 19 50  10 11.0 13.0   2.7     7   6.4 327 1017.2  11.6  11.5    MM   MM -0.4    MM
2015 05 02 17 50  20  9.0 10.0   2.7    10   6.4 317 1017.6  11.4  11.5    MM   MM +0.0    MM
2015 05 02 16 50  20  9.0 11.0   2.8    11   6.4 313 1017.6  11.4  11.5    MM   MM +0.0    MM
2015 05 02 15 50  20 10.0 12.0   2.6     7   6.1 331 1017.7  11.1  11.6    MM   MM +0.4    MM
2015 05 02 14 50  20 11.0 13.0   2.5    11   5.9 318 1017.6  10.9  11.6    MM   MM +0.4    MM
2015 05 02 13 50  20 10.0 13.0   2.5    11   5.7 333 1017.4  10.8  11.6    MM   MM +0.5    MM
2015 05 02 12 50  20 11.0 13.0   2.6    11   5.8 314 1017.3  10.8  11.6    MM   MM +0.4    MM
2015 05 02 11 50  10 11.0 13.0   2.5    11   5.7 321 1017.2  10.9  11.7    MM   MM +0.3    MM
2015 05 02 10 50  20 12.0 14.0   2.4    11   5.6 334 1016.9  11.3  12.0    MM   MM +0.0    MM
2015 05 02 09 50  10 12.0 14.0   2.5    10   5.7 329 1016.9  11.5  12.2    MM   MM +0.0    MM
2015 05 02 08 50  10 13.0 15.0   2.6    10   5.7 325 1016.9  11.6  12.2    MM   MM +0.0    MM
2015 05 02 07 50  20 12.0 13.0   2.5     9   5.8 323 1017.0  11.9  12.3    MM   MM +0.5    MM
2015 05 02 06 50  10 12.0 14.0   2.9     6   6.0   9 1016.9  12.1  12.2    MM   MM +0.9    MM
2015 05 02 05 50  20 12.0 14.0   2.8    10   5.9 312 1016.8  12.1  12.1    MM   MM +0.9    MM
2015 05 02 04 50  10 12.0 15.0   3.1     6   5.8  10 1016.5  12.1  12.1    MM   MM +0.5    MM
2015 05 02 03 50  10 13.0 16.0   2.8     6   5.9   4 1016.0  12.1  12.1    MM   MM -0.4    MM
2015 05 02 02 50  10 13.0 15.0   2.6     9   5.9 324 1015.9  12.3  12.1    MM   MM -0.6    MM
2015 05 02 01 50 360 13.0 15.0   2.4    10   5.7 327 1016.0  12.5  12.1    MM   MM -0.9    MM
2015 05 02 00 50  10 12.0 15.0   2.4    10   5.8 320 1016.4  12.4  12.2    MM   MM -0.9    MM
2015 05 01 23 50  10 12.0 14.0   2.2    10   5.4 316 1016.5  12.4  12.3    MM   MM -0.9    MM
2015 05 01 22 50 360 11.0 13.0   2.1    10   5.7 329 1016.9  12.4  12.1    MM   MM -0.7    MM
2015 05 01 21 50  10 11.0 13.0   1.9    11   5.6 315 1017.3  12.4  12.2    MM   MM -0.6    MM
2015 05 01 20 50  10 10.0 12.0   1.9     9   5.7 306 1017.4  12.4  12.0    MM   MM -0.5    MM
2015 05 01 19 50  10 10.0 12.0   1.9     9   5.5 323 1017.6  12.3  12.1    MM   MM -0.3    MM
2015 05 01 18 50  10 10.0 12.0   1.9    10   5.3 323 1017.9  12.3  12.1    MM   MM +0.0    MM
2015 05 01 17 50  10 10.0 11.0   1.8    10   5.5 296 1017.9  12.3  12.2    MM   MM +0.0    MM
2015 05 01 16 50  10  9.0 11.0   2.1    10   6.2 314 1017.9  12.3  12.2    MM   MM +0.4    MM
2015 05 01 15 50  10  8.0 10.0   2.1    10   6.3 307 1018.0  12.3  12.3    MM   MM +0.5    MM
2015 05 01 14 50  30  7.0  8.0   2.2    10   6.3 304 1017.8  12.1  12.3    MM   MM -0.0    MM
2015 05 01 13 50  20  9.0 10.0   2.0    11   5.8 317 1017.5  12.2  12.4    MM   MM -0.5    MM
2015 05 01 12 50  10  9.0 11.0   2.1    10   5.8 308 1017.5  12.2  12.3    MM   MM -0.8    MM
2015 05 01 11 50  10  9.0 11.0   2.3    10   6.2 304 1017.7  12.2  12.3    MM   MM -0.9    MM
2015 05 01 10 50  10  9.0 11.0   2.1    10   6.0 310 1018.0  12.3  12.4    MM   MM -0.9    MM
2015 05 01 09 50  10  9.0 11.0   2.1    10   5.8 318 1018.3  12.3  12.5    MM   MM -0.9    MM
2015 05 01 08 50  10  9.0 11.0   2.1    10   5.6 323 1018.6  12.2  12.5    MM   MM -0.8    MM
2015 05 01 07 50  10  9.0 10.0   2.0     9   5.8 307 1018.9  12.3  12.6    MM   MM -0.9    MM
2015 05 01 06 50  10  9.0 11.0   2.1    10   5.9 317 1019.2  12.3  12.5    MM   MM -0.4    MM
2015 05 01 05 50  10  9.0 11.0   2.1    11   5.7 311 1019.4  12.3  12.5    MM   MM -0.5    MM
2015 05 01 04 50  20  9.0 11.0   2.1    11   5.7 304 1019.8  12.3  12.6    MM   MM -0.5    MM
2015 05 01 03 50  10 11.0 13.0   2.1    11   5.7 318 1019.6  12.3  12.6    MM   MM -1.5    MM
2015 05 01 02 50  10 11.0 13.0   2.1    11   5.6 317 1019.9  12.4  12.6    MM   MM -1.9    MM
2015 05 01 01 50  10 11.0 13.0   2.2    10   5.9 321 1020.3  12.7  12.6    MM   MM -2.2    MM
2015 05 01 00 50 360 11.0 12.0   2.1    11   6.0 316 1021.1  12.5  12.5    MM   MM -2.1    MM
2015 04 30 23 50  10 10.0 12.0   1.9    11   5.9 318 1021.8  12.4  12.6    MM   MM -1.8    MM
2015 04 30 22 50  10 10.0 12.0   1.9    11   6.2 326 1022.5  12.4  12.7    MM   MM -1.8    MM
2015 04 30 21 50 360 10.0 11.0   2.1    11   7.0 319 1023.2  12.3  12.8    MM   MM -1.8    MM
2015 04 30 20 50 360  8.0  9.0   2.1    11   7.0 324 1023.6  12.0  12.7    MM   MM -1.7    MM
2015 04 30 19 50  10  7.0  8.0   2.1    10   7.3 306 1024.3  12.0  12.7    MM   MM -1.4    MM
2015 04 30 18 50  20  7.0  8.0   2.2    11   7.3 313 1025.0  12.0  12.5    MM   MM -0.8    MM
2015 04 30 17 50  30  7.0  8.0   2.0    11   6.8 298 1025.3  11.7  12.5    MM   MM -0.5    MM
2015 04 30 16 50  30  7.0  8.0   2.3    11   7.4 304 1025.7  11.6  12.4    MM   MM +0.0    MM
2015 04 30 15 50  40  7.0  8.0   2.1    10   7.2 287 1025.8  11.7  12.4    MM   MM +0.0    MM
2015 04 30 14 50  40  7.0  8.0   2.2    11   7.1 295 1025.8  11.8  12.5    MM   MM +0.0    MM
2015 04 30 13 50  30  6.0  8.0   2.0    10   7.1 294 1025.8  11.8  12.5    MM   MM +0.0    MM
2015 04 30 12 50  20  7.0  8.0   2.2    11   7.6 306 1025.8  11.9  12.5    MM   MM +0.0    MM
2015 04 30 11 50  10  6.0  7.0   2.3    11   7.9 302 1026.0  12.0  12.4    MM   MM -0.0    MM
2015 04 30 10 50  20  6.0  8.0   2.6    11   8.4 303 1026.0  12.0  12.4    MM   MM -0.3    MM
2015 04 30 09 50  30  6.0  7.0   2.3    12   8.0 308 1025.9  12.1  12.7    MM   MM -0.4    MM
2015 04 30 08 50  20  6.0  7.0   2.2    11   7.8 319 1026.2  12.3  12.6    MM   MM +0.0    MM
2015 04 30 07 50  10  7.0  8.0   2.3    11   8.0 296 1026.3  12.3  12.7    MM   MM +0.0    MM
2015 04 30 06 50 360  7.0  8.0   2.3    12   8.0 311 1026.3  12.4  12.6    MM   MM +0.6    MM
2015 04 30 05 50 360  6.0  7.0   2.6    11   8.6 311 1026.2  12.5  12.7    MM   MM +0.7    MM
2015 04 30 04 50 360  5.0  6.0   2.5    12   8.8 311 1026.2  12.5  12.7    MM   MM +0.5    MM
2015 04 30 03 50 340  5.0  7.0   2.6    12   8.7 311 1025.7  12.7  13.0    MM   MM +0.0    MM
2015 04 30 02 50 340  4.0  5.0   2.8    12   8.9 297 1025.5  12.9  13.0    MM   MM -0.5    MM
2015 04 30 01 50 330  4.0  5.0   2.8    11   8.7 302 1025.7  13.1  12.8    MM   MM -0.6    MM
2015 04 30 00 50 320  4.0  5.0   2.7    12   8.4 305 1025.9  13.2  13.1    MM   MM -0.5    MM
2015 04 29 23 50 310  4.0  5.0   2.7    12   8.4 283 1026.0  13.0  13.1    MM   MM -0.4    MM
2015 04 29 22 50 310  3.0  5.0   2.6    12   8.3 297 1026.3  13.0  13.4    MM   MM +0.0    MM
2015 04 29 21 50 270  3.0  4.0   2.7    12   8.5 289 1026.4  12.9  13.2    MM   MM +0.0    MM
2015 04 29 20 50 190  2.0  3.0   2.6    12   8.4 285 1026.4  12.4  13.0    MM   MM +0.5    MM
2015 04 29 19 50 190  3.0  3.0   2.7    12   8.5 287 1026.3  12.2  12.8    MM   MM +0.8    MM
2015 04 29 18 50 180  3.0  4.0   2.5    12   8.2 298 1026.2  12.0  12.7    MM   MM +0.9    MM
2015 04 29 17 50 170  4.0  5.0   2.7    11   8.7 280 1025.9  11.8  12.6    MM   MM +0.8    MM
2015 04 29 16 50 160  4.0  5.0   2.9    13   8.9 284 1025.5  11.7  12.6    MM   MM +0.8    MM
2015 04 29 15 50 140  2.0  4.0   2.8    11   8.6 278 1025.3  12.6  12.5    MM   MM +0.9    MM
2015 04 29 14 50  MM  0.0  2.0   2.9    11   9.1 283 1025.1  12.9  12.4    MM   MM +0.9    MM
2015 04 29 13 50  50  2.0  3.0   3.0    11   9.0 301 1024.7  11.2  12.3    MM   MM +0.5    MM
2015 04 29 12 50 270  2.0  3.0   2.8    11   8.7 292 1024.4  12.0  12.3    MM   MM +0.5    MM
2015 04 29 11 50 290  2.0  3.0   3.0    11   9.2 294 1024.2  12.0  12.4    MM   MM +0.0    MM
2015 04 29 10 50 280  2.0  3.0   2.9    13   9.1 295 1024.2  12.0  12.2    MM   MM -0.0    MM
2015 04 29 09 50 310  2.0  3.0   2.7    10   8.6 279 1023.9  12.0  12.3    MM   MM +0.0    MM
2015 04 29 08 50 300  2.0  3.0   3.2    11   9.2 295 1024.0  12.1  12.2    MM   MM +0.0    MM
2015 04 29 07 50 330  2.0  3.0   2.9    11   8.3 302 1024.0  12.1  12.3    MM   MM +0.4    MM
2015 04 29 06 50 330  3.0  4.0   3.0    11   8.7 297 1024.1  12.2  12.3    MM   MM +0.9    MM
2015 04 29 05 50 330  4.0  5.0   2.9    11   8.3 301 1024.0  12.3  12.3    MM   MM +1.1    MM
2015 04 29 04 50 330  4.0  5.0   2.9    11   8.1 299 1023.6  12.3  12.4    MM   MM +1.0    MM
2015 04 29 03 50 320  5.0  6.0   3.2    10   8.2 278 1023.2  12.3  12.4    MM   MM +0.7    MM
2015 04 29 02 50 330  5.0  7.0   3.0    11   8.1 292 1022.9  12.6  12.4    MM   MM +0.4    MM
2015 04 29 01 50 330  6.0  7.0   3.0    10   8.1 280 1022.6  13.0  12.5    MM   MM +0.0    MM
2015 04 29 00 50 330  5.0  7.0   2.7    11   8.0 283 1022.5  12.9  12.9    MM   MM +0.3    MM
2015 04 28 23 50 330  2.0  3.0   2.6    11   7.9 277 1022.5  12.4  12.7    MM   MM +0.4    MM
2015 04 28 22 50 360  2.0  3.0   2.5     9   7.9 279 1022.4  12.1  12.7    MM   MM +0.6    MM
2015 04 28 21 50  10  3.0  3.0   2.3    10   7.8 279 1022.2  11.8  12.7    MM   MM +0.7    MM
2015 04 28 20 50  10  3.0  4.0   2.0     9   7.6 284 1022.1  11.6  12.5    MM   MM +1.3    MM
2015 04 28 19 50  30  4.0  5.0   1.6    10   7.1 289 1021.8  11.4  12.3    MM   MM +1.4    MM
2015 04 28 18 50  20  5.0  6.0   1.7    10   6.6 302 1021.5  11.1  12.4    MM   MM +1.6    MM
2015 04 28 17 50 350  9.0 10.0   1.6    11   6.8 307 1020.8  11.5  12.5    MM   MM +1.6    MM
2015 04 28 16 50 350  7.0  9.0   1.6     9   6.2 289 1020.4  11.4  12.3    MM   MM +1.9    MM
2015 04 28 15 50 340  7.0  9.0   1.4    10   5.9 304 1019.9  11.2  12.4    MM   MM +2.1    MM
2015 04 28 14 50 330  7.0  8.0   1.5    11   6.7 319 1019.2  11.5  12.3    MM   MM +1.4    MM
2015 04 28 13 50 330  5.0  6.0   1.5    10   6.4 290 1018.5  12.0  12.5    MM   MM +0.8    MM
2015 04 28 12 50 180  6.0  7.0   1.6    10   6.4 283 1017.8  12.4  12.4    MM   MM +0.0    MM
2015 04 28 11 50 180  7.0  8.0   1.6    11   6.6 286 1017.8  12.5  12.4    MM   MM +0.4    MM
2015 04 28 10 50 180  6.0  7.0   1.7    10   6.8 285 1017.7  12.7  12.5    MM   MM +0.5    MM
2015 04 28 09 50 190  6.0  7.0   1.7    11   6.8 290 1017.9  12.7  12.7    MM   MM +1.1    MM
2015 04 28 08 50 180  6.0  6.0   1.7    11   7.2 284 1017.4  12.7  12.8    MM   MM +1.3    MM
2015 04 28 07 50 190  5.0  6.0   1.7    11   7.5 292 1017.2  12.4  12.7    MM   MM +2.0    MM
2015 04 28 06 50 220  5.0  7.0   1.6    11   7.7 288 1016.8  12.2  12.8    MM   MM +2.7    MM
2015 04 28 05 50 240  6.0  8.0   1.7    10   8.3 268 1016.1  13.4  12.8    MM   MM +2.5    MM
2015 04 28 04 50 240  5.0  6.0   1.8    11   8.5 298 1015.2  13.3  13.0    MM   MM +2.0    MM
2015 04 28 03 50 250  3.0  4.0   1.7    11   8.3 284 1014.1  13.3  13.1    MM   MM +0.3    MM
2015 04 28 02 50 230  2.0  3.0   1.9    11   8.7 284 1013.6  13.6  13.2    MM   MM -0.6    MM
2015 04 28 01 50 330  2.0  3.0   1.8    10   8.8 265 1013.2  14.5  13.2    MM   MM -1.7    MM
2015 04 28 00 50 360  3.0  3.0   1.6    10   8.3 289 1013.8  13.9  13.1    MM   MM -2.1    MM
2015 04 27 23 50  10  3.0  3.0   1.6    11   8.4 302 1014.2  13.8  13.2    MM   MM -2.9    MM
2015 04 27 22 50  20  4.0  5.0   1.7    11   8.6 287 1014.9  13.7  13.0    MM   MM -3.4    MM
2015 04 27 21 50  40  5.0  6.0   1.6    11   8.3 287 1015.9  13.5  13.0    MM   MM -3.3    MM
2015 04 27 20 50  30  5.0  6.0   1.6    10   8.3 286 1017.1  13.5  13.0    MM   MM -3.0    MM
2015 04 27 19 50  20  4.0  5.0   1.8    11   8.3 275 1018.3  13.2  12.8    MM   MM -2.6    MM
2015 04 27 18 50  30  4.0  4.0   1.7    10   8.3 277 1019.2  13.1  12.6    MM   MM -2.3    MM
2015 04 27 17 50  30  4.0  4.0   1.5    11   7.8 279 1020.1  12.8  12.5    MM   MM -1.9    MM
2015 04 27 16 50  40  3.0  3.0   1.6     9   7.6 272 1020.9  12.5  12.3    MM   MM -1.7    MM
2015 04 27 15 50  80  3.0  4.0   1.7     9   7.3 272 1021.5  12.5  12.1    MM   MM -1.4    MM
2015 04 27 14 50  90  3.0  4.0   1.8     8   7.3 270 1022.0  12.6  12.2    MM   MM -1.2    MM
2015 04 27 13 50  80  2.0  3.0   1.6     8   6.5 273 1022.6  12.3  12.1    MM   MM -0.9    MM
2015 04 27 12 50  60  1.0  2.0   1.6     8   6.5 253 1022.9  12.0  12.1    MM   MM -0.9    MM
2015 04 27 11 50  80  1.0  2.0   1.5     8   6.4 255 1023.2  12.2  12.3    MM   MM -0.9    MM
2015 04 27 10 50 110  2.0  3.0   1.4     8   6.2 263 1023.5  12.2  12.3    MM   MM -0.7    MM
2015 04 27 09 50 160  2.0  3.0   1.3     6   6.1 202 1023.8  12.2  12.3    MM   MM -0.3    MM
2015 04 27 08 50 160  3.0  4.0   1.3     9   6.1 251 1024.1  12.2  12.2    MM   MM +0.4    MM
2015 04 27 07 50 180  5.0  5.0   1.3     6   5.7 195 1024.2  12.4  12.4    MM   MM -0.0    MM
2015 04 27 06 50 170  5.0  6.0   1.2     6   5.6 197 1024.1  12.4  12.5    MM   MM +0.4    MM
2015 04 27 05 50 170  6.0  7.0   1.2     6   5.6 198 1023.7  12.3  12.4    MM   MM +0.7    MM
2015 04 27 04 50 170  6.0  7.0   1.3     7   5.5 191 1024.0  12.2  12.2    MM   MM +1.1    MM
2015 04 27 03 50 180  5.0  6.0   1.4     7   5.7 196 1023.7  12.4  12.2    MM   MM +0.6    MM
2015 04 27 02 50 180  7.0  8.0   1.5     7   5.3 203 1023.0  12.3  12.1    MM   MM +0.0    MM
2015 04 27 01 50 190  8.0 10.0   1.7     6   5.2 203 1022.9  12.1  12.1    MM   MM +0.0    MM
2015 04 27 00 50 180  9.0 10.0   1.9     6   5.4 197 1023.1  11.7  12.1    MM   MM -0.0    MM
2015 04 26 23 50 180 10.0 12.0   2.0     6   5.4 197 1022.8  11.5  12.1    MM   MM +0.0    MM
2015 04 26 22 50 170 11.0 14.0   2.0     6   5.3 201 1022.8  11.2  12.1    MM   MM +0.6    MM
2015 04 26 21 50 170 10.0 12.0   1.8     6   5.1 205 1023.0  10.7  12.1    MM   MM +0.8    MM
2015 04 26 20 50 160 11.0 13.0   1.7     6   5.2 193 1022.6  10.4  12.1    MM   MM +0.7    MM
2015 04 26 19 50 160 11.0 14.0   1.4     5   4.9 201 1022.2  10.4  12.1    MM   MM +1.3    MM
2015 04 26 18 50 160 10.0 11.0   1.4     5   5.0 184 1022.2  10.4  12.1    MM   MM +1.7    MM
2015 04 26 17 50 170  9.0 11.0   1.4     8   4.9 248 1021.9  10.6  12.1    MM   MM +1.7    MM
2015 04 26 16 50 160  9.0 11.0   1.5    10   5.2 301 1020.9  10.8  12.2    MM   MM +1.1    MM
2015 04 26 15 50 150  9.0 10.0   1.4     9   5.2 261 1020.5  10.9  12.2    MM   MM +1.2    MM
2015 04 26 14 50 160  8.0 10.0   1.4     8   5.6 275 1020.2  10.9  12.2    MM   MM +1.3    MM
2015 04 26 13 50 160  7.0  8.0   1.3     8   5.8 272 1019.8  10.9  12.2    MM   MM +0.8    MM
2015 04 26 12 50 170  8.0  9.0   1.4    10   6.3 277 1019.3  11.0  12.2    MM   MM -0.0    MM
2015 04 26 11 50 160  7.0  8.0   1.5    10   6.5 287 1018.9  11.1  12.2    MM   MM -0.3    MM
2015 04 26 10 50 160  6.0  7.0   1.6    10   7.2 289 1019.0  11.2  12.4    MM   MM -0.3    MM
2015 04 26 09 50 160  6.0  7.0   1.5    10   7.4 293 1019.2  11.2  12.4    MM   MM +0.0    MM
2015 04 26 08 50 140  5.0  6.0   1.4    11   7.5 296 1019.2  11.3  12.6    MM   MM +0.3    MM
2015 04 26 07 50 130  4.0  5.0   1.7     9   7.8 294 1019.3  11.2  12.7    MM   MM +0.8    MM
2015 04 26 06 50 120  3.0  4.0   1.4    10   7.2 296 1019.1  11.4  12.3    MM   MM +1.0    MM
2015 04 26 05 50 150  1.0  2.0   1.6     9   7.7 283 1018.9  11.5  12.6    MM   MM +0.9    MM
2015 04 26 04 50  MM  0.0  1.0   1.6    10   7.2 311 1018.5  11.4  12.6    MM   MM +0.8    MM
2015 04 26 03 50 230  1.0  2.0   1.7     9   6.9 290 1018.1  11.4  12.5    MM   MM +0.7    MM
2015 04 26 02 50 330  1.0  2.0   1.7    11   7.2 306 1018.0  11.6  12.6    MM   MM +0.6    MM
2015 04 26 01 50 300  1.0  2.0   1.9    10   7.2 290 1017.7  12.4  12.8    MM   MM +0.5    MM
2015 04 26 00 50 290  2.0  2.0   1.8    11   6.9 286 1017.4  12.3  13.4    MM   MM +0.4    MM
2015 04 25 23 50 290  1.0  2.0   2.0     8   7.5 301 1017.4  11.9  13.6    MM   MM +0.4    MM
2015 04 25 22 50 310  2.0  3.0   1.8     9   7.4 307 1017.2  11.7  14.1    MM   MM +0.0    MM
2015 04 25 21 50 270  1.0  2.0   2.2    10   8.2 297 1017.0  11.8  13.7    MM   MM +0.3    MM
2015 04 25 20 50  30  1.0  1.0   2.0     9   7.9 294 1017.0  11.4  13.3    MM   MM +0.9    MM
2015 04 25 19 50  MM  0.0  1.0   2.0    11   8.1 286 1017.0  10.9  12.9    MM   MM +1.5    MM
2015 04 25 18 50  MM  0.0  1.0   2.3    12   8.5 289 1016.7  11.5  12.5    MM   MM +1.8    MM
2015 04 25 17 50 100  3.0  4.0   2.0    11   8.1 300 1016.1  10.4  12.2    MM   MM +2.0    MM
2015 04 25 16 50  60  2.0  3.0   2.1    10   8.1 302 1015.5  10.7  12.0    MM   MM +1.6    MM
2015 04 25 15 50  50  3.0  4.0   2.3    11   8.2 306 1014.9  10.3  11.9    MM   MM +1.6    MM
2015 04 25 14 50  MM  0.0  1.0   2.3    12   8.4 306 1014.1  12.4  11.9    MM   MM +1.0    MM
2015 04 25 13 50  60  1.0  2.0   2.4    11   8.1 312 1013.9  10.5  11.9    MM   MM +1.0    MM
2015 04 25 12 50 360  3.0  4.0   2.6    12   8.1 314 1013.3  11.0  12.0    MM   MM +0.6    MM
2015 04 25 11 50 340  3.0  4.0   2.7    11   8.1 323 1013.1  10.9  12.1    MM   MM +0.5    MM
2015 04 25 10 50 330  5.0  6.0   2.7    12   7.9 312 1012.9  11.0  12.1    MM   MM +0.0    MM
2015 04 25 09 50 290  3.0  4.0   2.9    12   7.9 313 1012.7  11.0  12.1    MM   MM +0.0    MM
2015 04 25 08 50 290  4.0  5.0   2.9    12   8.1 299 1012.6  11.1  12.2    MM   MM +0.0    MM
2015 04 25 07 50 320  2.0  3.0   2.9    13   8.0 299 1012.8  10.6  12.3    MM   MM +0.0    MM
2015 04 25 06 50 300  5.0  6.0   3.0    13   8.4 311 1012.6  10.4  12.3    MM   MM +0.0    MM
2015 04 25 05 50 300  4.0  5.0   3.2    13   8.4 300 1012.7  10.8  12.2    MM   MM +0.4    MM
2015 04 25 04 50 250  4.0  5.0   3.0    13   8.0 290 1012.6  11.5  12.2    MM   MM +0.5    MM
2015 04 25 03 50 250  5.0  7.0   2.9    13   7.9 292 1012.4  11.5  12.2    MM   MM +0.0    MM
2015 04 25 02 50 260  5.0  7.0   3.2    13   8.2 296 1012.3  11.5  12.2    MM   MM +0.0    MM
2015 04 25 01 50 250  6.0  7.0   3.0    15   8.5 296 1012.1  11.7  12.2    MM   MM +0.0    MM
2015 04 25 00 50 250  6.0  8.0   2.8    12   8.1 299 1012.2  11.7  12.3    MM   MM +0.0    MM
2015 04 24 23 50 250  7.0  9.0   3.0    14   8.4 300 1012.2  11.7  12.3    MM   MM +0.0    MM
2015 04 24 22 50 240  6.0  7.0   3.3    11   8.8 302 1012.2  11.7  12.3    MM   MM +0.0    MM
2015 04 24 21 50 230  6.0  8.0   3.5    13   9.1 293 1012.3  11.5  12.3    MM   MM +0.0    MM
2015 04 24 20 50 210  6.0  8.0   3.8    13   9.2 301 1012.2  11.2  12.2    MM   MM +0.0    MM
2015 04 24 19 50 220  7.0  8.0   3.8    12   9.0 298 1012.1  10.4  12.1    MM   MM +0.0    MM
2015 04 24 18 50 230  7.0  9.0   3.9    14   9.1 298 1012.3  11.3  12.0    MM   MM +0.4    MM
2015 04 24 17 50 210  6.0  7.0   3.5    15   8.9 302 1012.4  10.5  11.9    MM   MM +1.0    MM
2015 04 24 16 50 230  7.0  9.0   3.8    15   9.2 293 1011.9  11.2  11.8    MM   MM +0.8    MM
2015 04 24 15 50 210  4.0  6.0   3.7    16   8.7 282 1011.9  10.6  11.8    MM   MM +1.0    MM
2015 04 24 14 50 230  7.0  9.0   3.8    16   8.7 291 1011.4  10.3  11.8    MM   MM +0.5    MM
2015 04 24 13 50 260  6.0  8.0   3.3    11   7.8 284 1011.1  11.0  11.8    MM   MM +0.0    MM
2015 04 24 12 50 260  6.0  7.0   3.2    11   7.9 288 1010.9  11.0  11.8    MM   MM -0.4    MM
2015 04 24 11 50 260  6.0  7.0   2.6    11   7.2 295 1010.9  11.1  11.8    MM   MM -0.5    MM
2015 04 24 10 50 270  7.0  9.0   2.8    11   7.3 282 1011.1  10.9  11.8    MM   MM -0.4    MM
2015 04 24 09 50 230  3.0  4.0   2.7    10   7.2 282 1011.3  10.1  11.8    MM   MM -0.3    MM
2015 04 24 08 50 280  8.0 10.0   2.7    11   7.2 293 1011.4  10.7  11.8    MM   MM -0.6    MM
2015 04 24 07 50 270  8.0 11.0   2.6    10   7.5 289 1011.5  11.4  11.9    MM   MM -0.6    MM
2015 04 24 06 50 290  4.0  6.0   2.6    11   7.6 300 1011.6  10.2  12.0    MM   MM +0.0    MM
2015 04 24 05 50 250  6.0  7.0   2.3    11   7.1 298 1012.0  11.1  11.9    MM   MM +0.0    MM
2015 04 24 04 50 270  6.0  9.0   2.2    11   7.0 288 1012.1  11.0  11.8    MM   MM +0.5    MM
2015 04 24 03 50 270  6.0  7.0   2.0    10   6.5 299 1011.8  11.3  11.7    MM   MM +0.0    MM
2015 04 24 02 50 280  7.0  8.0   1.9     9   6.2 298 1011.9  11.4  11.6    MM   MM -0.0    MM
2015 04 24 01 50 290  7.0  8.0   2.1     8   6.4 292 1011.6  11.8  11.6    MM   MM -0.3    MM
2015 04 24 00 50 300  6.0  7.0   2.0    10   6.0 293 1011.7  11.7  11.7    MM   MM -0.5    MM
2015 04 23 23 50 280  7.0  8.0   2.3    10   6.1 288 1011.7  12.2  11.6    MM   MM -0.9    MM
2015 04 23 22 50 210  6.0  7.0   2.4     6   5.8 202 1011.9  11.7  11.6    MM   MM -0.6    MM
2015 04 23 21 50 190  9.0 11.0   2.1     6   5.6 202 1012.2  10.6  11.5    MM   MM -0.9    MM
2015 04 23 20 50 190 10.0 12.0   2.0    11   5.7 271 1012.6   9.6  11.5    MM   MM -1.1    MM
2015 04 23 19 50 180 11.0 13.0   1.7    10   5.6 274 1012.5   9.4  11.4    MM   MM -1.9    MM
2015 04 23 18 50 170 10.0 13.0   1.9    10   6.2 274 1013.1   9.9  11.4    MM   MM -2.1    MM
2015 04 23 17 50 170 10.0 12.0   1.6    11   6.1 248 1013.7  10.0  11.4    MM   MM -2.1    MM
2015 04 23 16 50 160  9.0 10.0   1.7    11   7.0 283 1014.4   9.8  11.5    MM   MM -1.5    MM
2015 04 23 15 50 180  6.0  7.0   1.7    11   7.3 278 1015.2  10.2  11.3    MM   MM -1.2    MM
2015 04 23 14 50 200  5.0  6.0   1.9    11   7.5 268 1015.8  10.0  11.4    MM   MM -1.1    MM
2015 04 23 13 50 200  4.0  6.0   2.0    11   7.8 267 1015.9  10.2  11.4    MM   MM -1.6    MM
2015 04 23 12 50 230  3.0  4.0   1.8    11   7.1 290 1016.4  10.3  11.4    MM   MM -1.6    MM
2015 04 23 11 50 240  2.0  3.0   1.8    11   7.0 273 1016.9  10.3  11.6    MM   MM -1.7    MM
2015 04 23 10 50 280  2.0  3.0   2.0    11   7.1 286 1017.5  10.3  11.7    MM   MM -1.7    MM
2015 04 23 09 50 300  2.0  3.0   2.2    11   7.2 283 1018.0  10.4  11.6    MM   MM -1.5    MM
2015 04 23 08 50 340  3.0  4.0   2.2    12   7.1 294 1018.6  10.4  11.6    MM   MM -1.1    MM
2015 04 23 07 50 340  5.0  6.0   2.2    11   7.3 303 1019.2  10.4  11.6    MM   MM -1.1    MM
2015 04 23 06 50 350  5.0  6.0   2.1    11   7.1 311 1019.5  10.4  11.7    MM   MM -0.8    MM
2015 04 23 05 50  10  5.0  6.0   1.9     9   6.3 304 1019.7  10.4  11.6    MM   MM -0.8    MM
2015 04 23 04 50 350  7.0  8.0   2.4     9   7.0 326 1020.3  10.5  11.7    MM   MM -0.6    MM
2015 04 23 03 50 360  7.0 11.0   2.3     9   6.8 341 1020.3  10.6  11.7    MM   MM -1.0    MM
2015 04 23 02 50 360  8.0  9.0   2.5    10   6.8 312 1020.5  10.7  11.7    MM   MM -1.3    MM
2015 04 23 01 50  10  8.0 10.0   2.5    11   7.1 311 1020.9  11.1  11.7    MM   MM -1.5    MM
2015 04 23 00 50  10  8.0  9.0   2.6    11   7.1 317 1021.3  10.9  11.7    MM   MM -1.8    MM
2015 04 22 23 50 360  8.0 10.0   2.6    12   7.5 298 1021.8  10.9  11.8    MM   MM -1.7    MM
2015 04 22 22 50  10  7.0  9.0   2.7    10   7.4 326 1022.4  10.8  11.7    MM   MM -1.7    MM
2015 04 22 21 50  10  7.0  8.0   2.9    11   7.4 321 1023.1  10.7  11.8    MM   MM -0.9    MM
2015 04 22 20 50  10  7.0  9.0   2.6    12   7.1 304 1023.5  10.7  11.8    MM   MM -0.5    MM
2015 04 22 19 50  40  4.0  5.0   2.6     8    MM  MM 1024.1   9.9  11.8    MM   MM +0.0    MM
2015 04 22 18 50  50  5.0  7.0   2.7    12    MM  MM 1024.0  10.1  11.6    MM   MM +0.0    MM
2015 04 22 17 50 360  9.0 10.0   2.8     9    MM  MM 1024.0  10.0  11.6    MM   MM +0.0    MM
2015 04 22 16 50  40  9.0 10.0   2.9     8    MM  MM 1024.2  10.4  11.6    MM   MM +1.0    MM
2015 04 22 15 50  20  8.0  9.0   2.9     9    MM  MM 1024.0  10.7  11.4    MM   MM +1.1    MM
2015 04 22 14 50  10  7.0  9.0   3.2     8    MM  MM 1023.9  10.7  11.6    MM   MM +1.0    MM
2015 04 22 13 50 360  8.0 10.0   2.9     8    MM  MM 1023.2  10.5  11.5    MM   MM +0.4    MM
2015 04 22 12 50  10  9.0 11.0   2.9     8    MM  MM 1022.9  10.7  11.5    MM   MM +0.3    MM
2015 04 22 11 50  10  9.0 10.0   3.2     9    MM  MM 1022.9  10.8  11.5    MM   MM +0.0    MM
2015 04 22 10 50  10 10.0 12.0   3.1     9    MM  MM 1022.8  10.6  11.5    MM   MM +0.0    MM
2015 04 22 09 50  10 10.0 11.0   3.1     8    MM  MM 1022.6  10.9  11.6    MM   MM +0.0    MM
2015 04 22 08 50 360 10.0 12.0   3.2     9    MM  MM 1022.8  11.0  11.7    MM   MM +0.4    MM
2015 04 22 07 50  10 10.0 12.0   3.6     9    MM  MM 1022.8  11.0  11.7    MM   MM +0.8    MM
2015 04 22 06 50  10 10.0 12.0   3.5    13    MM  MM 1022.7  11.0  11.8    MM   MM +1.5    MM
2015 04 22 05 50  10 11.0 13.0   3.6     9    MM  MM 1022.4  11.2  11.8    MM   MM +2.0    MM
2015 04 22 04 50  10 11.0 13.0   3.4    13    MM  MM 1022.0  11.2  11.8    MM   MM +1.9    MM
2015 04 22 03 50  10 12.0 15.0   3.4    13    MM  MM 1021.2  11.2  11.8    MM   MM +1.5    MM
2015 04 22 02 50 360 12.0 15.0   3.3    13    MM  MM 1020.4  11.3  11.7    MM   MM +1.1    MM
2015 04 22 01 50 360 12.0 15.0   3.0    13    MM  MM 1020.1  11.5  11.6    MM   MM +1.2    MM
2015 04 22 00 50 360 11.0 15.0   3.2    14    MM  MM 1019.7  11.5  11.8    MM   MM +1.1    MM
2015 04 21 23 50  10 12.0 14.0   2.9    13    MM  MM 1019.3  11.4  11.9    MM   MM +1.1    MM
2015 04 21 22 50 360 12.0 15.0   2.8    14    MM  MM 1018.9  11.6  12.0    MM   MM +0.8    MM
2015 04 21 21 50 360 12.0 14.0   2.8     6    MM  MM 1018.6  11.7  11.9    MM   MM +0.9    MM
2015 04 21 20 50 350 11.0 13.0   2.7    12    MM  MM 1018.2  11.6  12.0    MM   MM +1.1    MM
